{
  "cameras": [
    {
      "camera_id": "C0000",
      "extrinsics": {
        "view_matrix": [
          0.9236131693844678,
          -0.31603006680303747,
          0.21694172078244064,
          -0.3311073758066009,
          0.15315186465780703,
          -0.2145811867248781,
          -0.9646239788931126,
          2.5010745163943846,
          0.3514017923850353,
          0.9241644394696276,
          -0.1497894159424284,
          2.8751122125105644,
          0.0,
          0.0,
          0.0,
          1.0
        ]
      },
      "intrinsics": {
        "camera_matrix": [
          2283.239215272,
          0.0,
          1321.4935901679612,
          0.0,
          2282.9164761545335,
          1135.6456700759452,
          0.0,
          0.0,
          1.0
        ],
        "color_correction_matrix": [
          1.8404065518085138,
          -0.5578011328514897,
          -0.15241576543902183,
          -0.5700520483303753,
          2.0682018396784168,
          -0.423150927405688,
          0.1693907035336866,
          -0.8068911135355554,
          1.8514696680313474
        ],
        "distortion_coefficients": [
          -0.14150323409117796,
          0.15331537604296094,
          6.733618107841713e-05,
          -8.77693633828015e-05,
          -0.042277819133258086
        ],
        "resolution": [
          2664,
          2304
        ],
        "white_balance_coefficients": [
          5.000448880849271,
          2.4000000000000004,
          4.693878390191505
        ]
      }
    },
    {
      "camera_id": "C0001",
      "extrinsics": {
        "view_matrix": [
          -0.9733761467321194,
          -0.011964228980994914,
          0.22890114503388143,
          -0.436815008396057,
          -0.007787610972589073,
          0.999786464599672,
          0.01914101143169892,
          -0.24845102119649054,
          -0.22908127397993777,
          0.016848810883238443,
          -0.9732614692278483,
          4.979941278311086,
          0.0,
          0.0,
          0.0,
          1.0
        ]
      },
      "intrinsics": {
        "camera_matrix": [
          2285.8840673736686,
          0.0,
          1324.9211003813928,
          0.0,
          2285.8384725981505,
          1136.7932878119075,
          0.0,
          0.0,
          1.0
        ],
        "color_correction_matrix": [
          1.8404065518085138,
          -0.5578011328514897,
          -0.15241576543902183,
          -0.5700520483303753,
          2.0682018396784168,
          -0.423150927405688,
          0.1693907035336866,
          -0.8068911135355554,
          1.8514696680313474
        ],
        "distortion_coefficients": [
          -0.13984831625375696,
          0.1509353981198338,
          -0.00016580054586937357,
          5.937525592207061e-05,
          -0.04151376397267344
        ],
        "resolution": [
          2664,
          2304
        ],
        "white_balance_coefficients": [
          5.000448880849271,
          2.4000000000000004,
          4.693878390191505
        ]
      }
    },
    {
      "camera_id": "C0004",
      "extrinsics": {
        "view_matrix": [
          1.0,
          1.601419952122761e-34,
          -1.3819446828878868e-33,
          -6.13706722280177e-49,
          -1.7626229640196986e-34,
          1.0,
          -1.1809535936415917e-35,
          -5.244487482698864e-51,
          3.364230974799012e-33,
          -6.562666176568141e-34,
          1.0,
          0.0,
          0.0,
          0.0,
          0.0,
          1.0
        ]
      },
      "intrinsics": {
        "camera_matrix": [
          2286.838317778275,
          0.0,
          1326.075059659661,
          0.0,
          2286.424345866926,
          1124.5903620288216,
          0.0,
          0.0,
          1.0
        ],
        "color_correction_matrix": [
          1.8404065518085138,
          -0.5578011328514897,
          -0.15241576543902183,
          -0.5700520483303753,
          2.0682018396784168,
          -0.423150927405688,
          0.1693907035336866,
          -0.8068911135355554,
          1.8514696680313474
        ],
        "dark_image_path": "",
        "distortion_coefficients": [
          -0.13694951326222432,
          0.14296117132575253,
          -0.00014771373556996838,
          -0.0001707500678903185,
          -0.03712483902486811
        ],
        "resolution": [
          2664,
          2304
        ],
        "white_balance_coefficients": [
          5.000448880849271,
          2.4000000000000004,
          4.693878390191505
        ]
      }
    },
    {
      "camera_id": "C0005",
      "extrinsics": {
        "view_matrix": [
          0.9439548665254984,
          0.08709218490169177,
          0.3183773881604643,
          -0.8977874327089558,
          -0.08733560156640233,
          -0.8642832254579985,
          0.495365520490631,
          -0.8696773666060571,
          0.3183107014567119,
          -0.4954083744962014,
          -0.8082381083673105,
          4.631180929634526,
          0.0,
          0.0,
          0.0,
          1.0
        ]
      },
      "intrinsics": {
        "camera_matrix": [
          2284.0729916095565,
          0.0,
          1335.907578544219,
          0.0,
          2283.659808602992,
          1175.5286969817814,
          0.0,
          0.0,
          1.0
        ],
        "color_correction_matrix": [
          1.8404065518085138,
          -0.5578011328514897,
          -0.15241576543902183,
          -0.5700520483303753,
          2.0682018396784168,
          -0.423150927405688,
          0.1693907035336866,
          -0.8068911135355554,
          1.8514696680313474
        ],
        "dark_image_path": "",
        "distortion_coefficients": [
          -0.14018153058609084,
          0.14581782773956387,
          -2.794265059404862e-05,
          -0.0002093478477968409,
          -0.03790902840280869
        ],
        "resolution": [
          2664,
          2304
        ],
        "white_balance_coefficients": [
          5.000448880849271,
          2.4000000000000004,
          4.693878390191505
        ]
      }
    },
    {
      "camera_id": "C0006",
      "extrinsics": {
        "view_matrix": [
          0.9870076444791022,
          0.14142125080894116,
          0.07626230759326026,
          -0.23226445664867976,
          -0.13649456162571527,
          0.48760803678046527,
          0.862326873704922,
          -2.01818389026883,
          0.08476523099961644,
          -0.8615326066300304,
          0.5005760914454932,
          1.4289753480739165,
          0.0,
          0.0,
          0.0,
          1.0
        ]
      },
      "intrinsics": {
        "camera_matrix": [
          2283.9182428437166,
          0.0,
          1342.7736200047973,
          0.0,
          2283.614174145556,
          1142.5066275335514,
          0.0,
          0.0,
          1.0
        ],
        "color_correction_matrix": [
          1.8404065518085138,
          -0.5578011328514897,
          -0.15241576543902183,
          -0.5700520483303753,
          2.0682018396784168,
          -0.423150927405688,
          0.1693907035336866,
          -0.8068911135355554,
          1.8514696680313474
        ],
        "dark_image_path": "",
        "distortion_coefficients": [
          -0.13680269560211886,
          0.14013797740140768,
          -5.6960541559025336e-05,
          5.571723467623842e-05,
          -0.03528304847445255
        ],
        "resolution": [
          2664,
          2304
        ],
        "white_balance_coefficients": [
          5.000448880849271,
          2.4000000000000004,
          4.693878390191505
        ]
      }
    },
    {
      "camera_id": "C0007",
      "extrinsics": {
        "view_matrix": [
          0.9845955490265599,
          -0.16577517426925908,
          0.05558953528394135,
          -0.19332258807706101,
          0.13551329365989292,
          0.5225982631512573,
          -0.8417405791529462,
          2.2752768379001105,
          0.11048869660981342,
          0.8363071486883791,
          0.5370126637000088,
          0.98364933896837,
          0.0,
          0.0,
          0.0,
          1.0
        ]
      },
      "intrinsics": {
        "camera_matrix": [
          2281.7135963981436,
          0.0,
          1320.4219228352442,
          0.0,
          2281.405280804248,
          1115.4308505610052,
          0.0,
          0.0,
          1.0
        ],
        "color_correction_matrix": [
          1.8404065518085138,
          -0.5578011328514897,
          -0.15241576543902183,
          -0.5700520483303753,
          2.0682018396784168,
          -0.423150927405688,
          0.1693907035336866,
          -0.8068911135355554,
          1.8514696680313474
        ],
        "dark_image_path": "",
        "distortion_coefficients": [
          -0.13731630940077738,
          0.14695841115804456,
          0.00022122677991615364,
          -0.0001428006719745535,
          -0.041233244836163
        ],
        "resolution": [
          2664,
          2304
        ],
        "white_balance_coefficients": [
          5.000448880849271,
          2.4000000000000004,
          4.693878390191505
        ]
      }
    },
    {
      "camera_id": "C0008",
      "extrinsics": {
        "view_matrix": [
          0.9783873633800144,
          0.13220783211574114,
          0.15899451658959707,
          -0.36485910143440486,
          -0.16346671016115444,
          0.02362093454534895,
          0.9862660321233278,
          -2.332590248605373,
          0.12663649492698692,
          -0.9909405333209759,
          0.0447220032438943,
          2.599494631453572,
          0.0,
          0.0,
          0.0,
          1.0
        ]
      },
      "intrinsics": {
        "camera_matrix": [
          2284.900719019511,
          0.0,
          1320.526832386882,
          0.0,
          2284.595476125611,
          1146.9719499458483,
          0.0,
          0.0,
          1.0
        ],
        "color_correction_matrix": [
          1.8404065518085138,
          -0.5578011328514897,
          -0.15241576543902183,
          -0.5700520483303753,
          2.0682018396784168,
          -0.423150927405688,
          0.1693907035336866,
          -0.8068911135355554,
          1.8514696680313474
        ],
        "dark_image_path": "",
        "distortion_coefficients": [
          -0.14244448753863065,
          0.15693223691902333,
          -0.00017542734519996044,
          -0.0001390119672623242,
          -0.052850786127803834
        ],
        "resolution": [
          2664,
          2304
        ],
        "white_balance_coefficients": [
          5.000448880849271,
          2.4000000000000004,
          4.693878390191505
        ]
      }
    },
    {
      "camera_id": "C0010",
      "extrinsics": {
        "view_matrix": [
          -0.8695126999750468,
          -0.35290352585877044,
          -0.3455528411380126,
          0.8870808981016123,
          -0.140408852297465,
          -0.4941447819077682,
          0.8579663680528702,
          -1.7645228376544964,
          -0.4735324896758544,
          0.7945313310057522,
          0.3801143844576454,
          1.5777522708084757,
          0.0,
          0.0,
          0.0,
          1.0
        ]
      },
      "intrinsics": {
        "camera_matrix": [
          2281.5685332322637,
          0.0,
          1335.2270747797945,
          0.0,
          2281.3095435401033,
          1130.6119456799772,
          0.0,
          0.0,
          1.0
        ],
        "color_correction_matrix": [
          1.8404065518085138,
          -0.5578011328514897,
          -0.15241576543902183,
          -0.5700520483303753,
          2.0682018396784168,
          -0.423150927405688,
          0.1693907035336866,
          -0.8068911135355554,
          1.8514696680313474
        ],
        "dark_image_path": "",
        "distortion_coefficients": [
          -0.14119412845132043,
          0.15405009363194128,
          0.00010646617946548506,
          2.4339545082791785e-05,
          -0.044080794038700785
        ],
        "resolution": [
          2664,
          2304
        ],
        "white_balance_coefficients": [
          5.000448880849271,
          2.4000000000000004,
          4.693878390191505
        ]
      }
    },
    {
      "camera_id": "C0012",
      "extrinsics": {
        "view_matrix": [
          0.9563235411291422,
          -0.16255254085832407,
          0.24294434783036484,
          -0.6481234482411204,
          0.14863696725724712,
          -0.44522982747803413,
          -0.8829934612942772,
          2.6687444968797718,
          0.2516989007659478,
          0.8805379447726164,
          -0.4016224485369695,
          3.3204395687546935,
          0.0,
          0.0,
          0.0,
          1.0
        ]
      },
      "intrinsics": {
        "camera_matrix": [
          2284.353772059631,
          0.0,
          1301.6995660442158,
          0.0,
          2284.019620815257,
          1122.6193142127931,
          0.0,
          0.0,
          1.0
        ],
        "color_correction_matrix": [
          1.8404065518085138,
          -0.5578011328514897,
          -0.15241576543902183,
          -0.5700520483303753,
          2.0682018396784168,
          -0.423150927405688,
          0.1693907035336866,
          -0.8068911135355554,
          1.8514696680313474
        ],
        "dark_image_path": "",
        "distortion_coefficients": [
          -0.1365585004320604,
          0.14156317507724295,
          -9.39995074040181e-05,
          -0.000126375701339958,
          -0.038082923069895136
        ],
        "resolution": [
          2664,
          2304
        ],
        "white_balance_coefficients": [
          5.000448880849271,
          2.4000000000000004,
          4.693878390191505
        ]
      }
    },
    {
      "camera_id": "C0013",
      "extrinsics": {
        "view_matrix": [
          0.9116572933891823,
          -0.40305881940190147,
          -0.08015339988207905,
          0.380602593387769,
          -0.152361512284563,
          -0.5126514977478277,
          0.8449700654054383,
          -2.0460371021538695,
          -0.38166339749139166,
          -0.758110829601619,
          -0.5287731281523992,
          4.022296627663995,
          0.0,
          0.0,
          0.0,
          1.0
        ]
      },
      "intrinsics": {
        "camera_matrix": [
          2281.9223014981776,
          0.0,
          1338.23636054141,
          0.0,
          2281.4581431445336,
          1118.197123954388,
          0.0,
          0.0,
          1.0
        ],
        "color_correction_matrix": [
          1.8404065518085138,
          -0.5578011328514897,
          -0.15241576543902183,
          -0.5700520483303753,
          2.0682018396784168,
          -0.423150927405688,
          0.1693907035336866,
          -0.8068911135355554,
          1.8514696680313474
        ],
        "distortion_coefficients": [
          -0.13848827016974152,
          0.13825649953411254,
          -1.4859960594043131e-05,
          2.9189174353506128e-05,
          -0.026022490660457788
        ],
        "resolution": [
          2664,
          2304
        ],
        "white_balance_coefficients": [
          5.000448880849271,
          2.4000000000000004,
          4.693878390191505
        ]
      }
    },
    {
      "camera_id": "C0014",
      "extrinsics": {
        "view_matrix": [
          0.9140967370927835,
          0.19835100188432753,
          0.35367221446957114,
          -0.6812661159852083,
          -0.09978346875175342,
          -0.7353461473207301,
          0.6703053803934641,
          -1.5007829103290076,
          0.3930272440940892,
          -0.6480146014342905,
          -0.652385362901225,
          4.449407856301577,
          0.0,
          0.0,
          0.0,
          1.0
        ]
      },
      "intrinsics": {
        "camera_matrix": [
          2276.794593416696,
          0.0,
          1339.5896399478797,
          0.0,
          2276.2763015816317,
          1146.3843135864674,
          0.0,
          0.0,
          1.0
        ],
        "color_correction_matrix": [
          1.8404065518085138,
          -0.5578011328514897,
          -0.15241576543902183,
          -0.5700520483303753,
          2.0682018396784168,
          -0.423150927405688,
          0.1693907035336866,
          -0.8068911135355554,
          1.8514696680313474
        ],
        "distortion_coefficients": [
          -0.13843128027380297,
          0.1471223487646744,
          0.00011696112515557675,
          -9.176193542008418e-05,
          -0.03450333887697771
        ],
        "resolution": [
          2664,
          2304
        ],
        "white_balance_coefficients": [
          5.000448880849271,
          2.4000000000000004,
          4.693878390191505
        ]
      }
    },
    {
      "camera_id": "C0016",
      "extrinsics": {
        "view_matrix": [
          0.9452444067317355,
          -0.28701219202041806,
          -0.1553609126325034,
          0.3173666696449802,
          0.1120375839445711,
          0.7324756872677755,
          -0.671510943578333,
          1.5501368693518225,
          0.30652991913715827,
          0.6173357021857999,
          0.7245246990134517,
          0.737091288792361,
          0.0,
          0.0,
          0.0,
          1.0
        ]
      },
      "intrinsics": {
        "camera_matrix": [
          2284.2890328534595,
          0.0,
          1321.3725741772612,
          0.0,
          2283.969095006076,
          1138.4824532521618,
          0.0,
          0.0,
          1.0
        ],
        "color_correction_matrix": [
          1.8404065518085138,
          -0.5578011328514897,
          -0.15241576543902183,
          -0.5700520483303753,
          2.0682018396784168,
          -0.423150927405688,
          0.1693907035336866,
          -0.8068911135355554,
          1.8514696680313474
        ],
        "dark_image_path": "",
        "distortion_coefficients": [
          -0.13689197183738666,
          0.14296593169665378,
          -0.0002899222745759801,
          3.307393731270663e-05,
          -0.046381071158528256
        ],
        "resolution": [
          2664,
          2304
        ],
        "white_balance_coefficients": [
          5.000448880849271,
          2.4000000000000004,
          4.693878390191505
        ]
      }
    },
    {
      "camera_id": "C0018",
      "extrinsics": {
        "view_matrix": [
          0.9954666748386417,
          -0.09219451676607167,
          -0.02337242742996313,
          -0.030341261928463547,
          0.07064877994417237,
          0.8812864800452153,
          -0.46727175174828867,
          1.273745098066173,
          0.0636776976507337,
          0.46350222347663544,
          0.8838047519979267,
          0.18921606998180657,
          0.0,
          0.0,
          0.0,
          1.0
        ]
      },
      "intrinsics": {
        "camera_matrix": [
          2279.5068854515675,
          0.0,
          1304.4805936699288,
          0.0,
          2279.1242756964643,
          1111.9559684787882,
          0.0,
          0.0,
          1.0
        ],
        "color_correction_matrix": [
          1.8404065518085138,
          -0.5578011328514897,
          -0.15241576543902183,
          -0.5700520483303753,
          2.0682018396784168,
          -0.423150927405688,
          0.1693907035336866,
          -0.8068911135355554,
          1.8514696680313474
        ],
        "dark_image_path": "",
        "distortion_coefficients": [
          -0.13550685759449588,
          0.13526108299805376,
          1.340019940434279e-05,
          0.00022351966956519836,
          -0.028637080570806397
        ],
        "resolution": [
          2664,
          2304
        ],
        "white_balance_coefficients": [
          5.000448880849271,
          2.4000000000000004,
          4.693878390191505
        ]
      }
    },
    {
      "camera_id": "C0020",
      "extrinsics": {
        "view_matrix": [
          -0.932122104083538,
          -0.05194245854427871,
          -0.3583997266729628,
          0.5967257805492553,
          -0.04521771669199212,
          -0.9652223079626289,
          0.2574902994453559,
          -0.4628527280676792,
          -0.3593100905569468,
          0.25621841700329084,
          0.8973563292317535,
          0.1953354100072095,
          0.0,
          0.0,
          0.0,
          1.0
        ]
      },
      "intrinsics": {
        "camera_matrix": [
          2283.7492980924403,
          0.0,
          1313.3103144391062,
          0.0,
          2283.500940614457,
          1128.0265033417163,
          0.0,
          0.0,
          1.0
        ],
        "color_correction_matrix": [
          1.8404065518085138,
          -0.5578011328514897,
          -0.15241576543902183,
          -0.5700520483303753,
          2.0682018396784168,
          -0.423150927405688,
          0.1693907035336866,
          -0.8068911135355554,
          1.8514696680313474
        ],
        "dark_image_path": "",
        "distortion_coefficients": [
          -0.14146668655097439,
          0.14900302741665097,
          -5.424070460419367e-05,
          0.0001315182220312353,
          -0.03846829357738914
        ],
        "resolution": [
          2664,
          2304
        ],
        "white_balance_coefficients": [
          5.000448880849271,
          2.4000000000000004,
          4.693878390191505
        ]
      }
    },
    {
      "camera_id": "C0021",
      "extrinsics": {
        "view_matrix": [
          -0.9756758926649576,
          0.057966737337419104,
          -0.2114152544990392,
          0.5480794897890061,
          0.10595748789512831,
          -0.7195720909193107,
          -0.6862863955587093,
          1.8884181963704294,
          -0.19191029996170758,
          -0.6919941208799869,
          0.6959271322747386,
          0.9239486715807098,
          0.0,
          0.0,
          0.0,
          1.0
        ]
      },
      "intrinsics": {
        "camera_matrix": [
          2285.5967638130924,
          0.0,
          1327.6616694012341,
          0.0,
          2285.5041973761663,
          1106.1590068146386,
          0.0,
          0.0,
          1.0
        ],
        "color_correction_matrix": [
          1.8404065518085138,
          -0.5578011328514897,
          -0.15241576543902183,
          -0.5700520483303753,
          2.0682018396784168,
          -0.423150927405688,
          0.1693907035336866,
          -0.8068911135355554,
          1.8514696680313474
        ],
        "distortion_coefficients": [
          -0.13507767063358128,
          0.13040585708827385,
          -2.362169001283564e-05,
          0.0002774328972499986,
          -0.019759152722947863
        ],
        "resolution": [
          2664,
          2304
        ],
        "white_balance_coefficients": [
          5.000448880849271,
          2.4000000000000004,
          4.693878390191505
        ]
      }
    },
    {
      "camera_id": "C0022",
      "extrinsics": {
        "view_matrix": [
          -0.9835090477325468,
          -0.18034711453738594,
          0.013596738809654271,
          -0.3966546131133435,
          -0.12037225032723559,
          0.7088399433818939,
          0.6950226298600001,
          -1.895937301563227,
          -0.13498323740145043,
          0.6819243747985491,
          -0.7188592857272078,
          4.141191271562713,
          0.0,
          0.0,
          0.0,
          1.0
        ]
      },
      "intrinsics": {
        "camera_matrix": [
          2286.236390708187,
          0.0,
          1318.6545624631785,
          0.0,
          2285.955675980478,
          1126.213834330028,
          0.0,
          0.0,
          1.0
        ],
        "color_correction_matrix": [
          1.8404065518085138,
          -0.5578011328514897,
          -0.15241576543902183,
          -0.5700520483303753,
          2.0682018396784168,
          -0.423150927405688,
          0.1693907035336866,
          -0.8068911135355554,
          1.8514696680313474
        ],
        "distortion_coefficients": [
          -0.14178806308152175,
          0.15283045226871206,
          -5.573453773890505e-05,
          7.975228492248357e-05,
          -0.04294915863035121
        ],
        "resolution": [
          2664,
          2304
        ],
        "white_balance_coefficients": [
          5.000448880849271,
          2.4000000000000004,
          4.693878390191505
        ]
      }
    },
    {
      "camera_id": "C0024",
      "extrinsics": {
        "view_matrix": [
          -0.7194105145482188,
          -0.2569808042326326,
          -0.6452978985037966,
          1.8310746193709238,
          0.08355546288579652,
          0.8902756534285591,
          -0.4476915741158104,
          1.0910985873877184,
          0.6895411490109978,
          -0.3759921903022738,
          -0.6190015158723696,
          4.58020352738685,
          0.0,
          0.0,
          0.0,
          1.0
        ]
      },
      "intrinsics": {
        "camera_matrix": [
          2287.5079235912735,
          0.0,
          1306.2185990220953,
          0.0,
          2286.825505855952,
          1114.4761106180906,
          0.0,
          0.0,
          1.0
        ],
        "color_correction_matrix": [
          1.8404065518085138,
          -0.5578011328514897,
          -0.15241576543902183,
          -0.5700520483303753,
          2.0682018396784168,
          -0.423150927405688,
          0.1693907035336866,
          -0.8068911135355554,
          1.8514696680313474
        ],
        "distortion_coefficients": [
          -0.14034653927973326,
          0.13957484774407902,
          -3.7235127594125334e-05,
          -2.9464126084534084e-05,
          -0.012329059529607177
        ],
        "resolution": [
          2664,
          2304
        ],
        "white_balance_coefficients": [
          5.000448880849271,
          2.4000000000000004,
          4.693878390191505
        ]
      }
    },
    {
      "camera_id": "C0025",
      "extrinsics": {
        "view_matrix": [
          -0.845515040689765,
          0.5280378521992172,
          -0.07924861268326648,
          0.04737765960461334,
          -0.15977309741333692,
          -0.10858060711619927,
          0.9811640072389658,
          -2.4593138139834787,
          0.5094868725593752,
          0.8422507218181023,
          0.1761727796413275,
          2.3410125055617605,
          0.0,
          0.0,
          0.0,
          1.0
        ]
      },
      "intrinsics": {
        "camera_matrix": [
          2282.1950762345505,
          0.0,
          1322.198345498863,
          0.0,
          2281.96845283233,
          1122.4133857189934,
          0.0,
          0.0,
          1.0
        ],
        "color_correction_matrix": [
          1.8404065518085138,
          -0.5578011328514897,
          -0.15241576543902183,
          -0.5700520483303753,
          2.0682018396784168,
          -0.423150927405688,
          0.1693907035336866,
          -0.8068911135355554,
          1.8514696680313474
        ],
        "dark_image_path": "",
        "distortion_coefficients": [
          -0.13579866924118644,
          0.13264921175268354,
          -0.00013620565257993776,
          4.379247312786185e-05,
          -0.008335156831680866
        ],
        "resolution": [
          2664,
          2304
        ],
        "white_balance_coefficients": [
          5.000448880849271,
          2.4000000000000004,
          4.693878390191505
        ]
      }
    },
    {
      "camera_id": "C0026",
      "extrinsics": {
        "view_matrix": [
          0.9631784168835547,
          0.1359695473505412,
          0.23194744974450252,
          -0.6127174190661174,
          -0.1408003906031383,
          -0.47985257953524196,
          0.8659773391488823,
          -1.9244813251789452,
          0.22904712889642,
          -0.8667489741018812,
          -0.4430390825171563,
          3.7950504631521764,
          0.0,
          0.0,
          0.0,
          1.0
        ]
      },
      "intrinsics": {
        "camera_matrix": [
          2285.2954161839175,
          0.0,
          1326.6870282099956,
          0.0,
          2284.8888639850716,
          1137.3191129012293,
          0.0,
          0.0,
          1.0
        ],
        "color_correction_matrix": [
          1.8404065518085138,
          -0.5578011328514897,
          -0.15241576543902183,
          -0.5700520483303753,
          2.0682018396784168,
          -0.423150927405688,
          0.1693907035336866,
          -0.8068911135355554,
          1.8514696680313474
        ],
        "dark_image_path": "",
        "distortion_coefficients": [
          -0.13608672001326974,
          0.13607666568571938,
          -0.00016440257223917295,
          -0.0001782153165401499,
          -0.02989933069998883
        ],
        "resolution": [
          2664,
          2304
        ],
        "white_balance_coefficients": [
          5.000448880849271,
          2.4000000000000004,
          4.693878390191505
        ]
      }
    },
    {
      "camera_id": "C0028",
      "extrinsics": {
        "view_matrix": [
          0.9245866704984579,
          -0.00885122148012176,
          0.38086893364369573,
          -1.1487428553043333,
          -0.03177895108706425,
          -0.9980377287675662,
          0.05395173977068433,
          0.11889489632594155,
          0.3796440266939308,
          -0.06198667465502159,
          -0.9230536632075247,
          4.82233349114102,
          0.0,
          0.0,
          0.0,
          1.0
        ]
      },
      "intrinsics": {
        "camera_matrix": [
          2290.841833460042,
          0.0,
          1323.3042531488181,
          0.0,
          2290.6306369233066,
          1142.7751688035962,
          0.0,
          0.0,
          1.0
        ],
        "color_correction_matrix": [
          1.8404065518085138,
          -0.5578011328514897,
          -0.15241576543902183,
          -0.5700520483303753,
          2.0682018396784168,
          -0.423150927405688,
          0.1693907035336866,
          -0.8068911135355554,
          1.8514696680313474
        ],
        "dark_image_path": "",
        "distortion_coefficients": [
          -0.14171295026328107,
          0.15087486270257583,
          1.9976793113012907e-05,
          5.8166070082489615e-05,
          -0.042145372312822726
        ],
        "resolution": [
          2664,
          2304
        ],
        "white_balance_coefficients": [
          5.000448880849271,
          2.4000000000000004,
          4.693878390191505
        ]
      }
    },
    {
      "camera_id": "C0029",
      "extrinsics": {
        "view_matrix": [
          0.9264362538996939,
          -0.12871485716249967,
          0.35376313121344294,
          -1.0503162553835976,
          0.07494358688972823,
          -0.8578594583924913,
          -0.5083902127604772,
          1.514781467566949,
          0.3689164217602736,
          0.49750340219156164,
          -0.785105749923803,
          4.197435582117213,
          0.0,
          0.0,
          0.0,
          1.0
        ]
      },
      "intrinsics": {
        "camera_matrix": [
          2285.134864201974,
          0.0,
          1321.1902896299064,
          0.0,
          2284.7385532193252,
          1131.6476691426624,
          0.0,
          0.0,
          1.0
        ],
        "color_correction_matrix": [
          1.8404065518085138,
          -0.5578011328514897,
          -0.15241576543902183,
          -0.5700520483303753,
          2.0682018396784168,
          -0.423150927405688,
          0.1693907035336866,
          -0.8068911135355554,
          1.8514696680313474
        ],
        "dark_image_path": "",
        "distortion_coefficients": [
          -0.136044625260354,
          0.13780023051873475,
          -3.087520291842659e-05,
          2.5476886599566087e-05,
          -0.03691739611085607
        ],
        "resolution": [
          2664,
          2304
        ],
        "white_balance_coefficients": [
          5.000448880849271,
          2.4000000000000004,
          4.693878390191505
        ]
      }
    },
    {
      "camera_id": "C0030",
      "extrinsics": {
        "view_matrix": [
          -0.7071939029378126,
          0.329767761072874,
          -0.6254038754313628,
          1.7352694786372482,
          -0.09006222719045891,
          0.835340511838021,
          0.5423052871913452,
          -1.4238493261138556,
          0.7012599937833884,
          0.4398402585475515,
          -0.561048097830966,
          4.266905650142567,
          0.0,
          0.0,
          0.0,
          1.0
        ]
      },
      "intrinsics": {
        "camera_matrix": [
          2287.688785261415,
          0.0,
          1329.9719729179508,
          0.0,
          2286.911959930803,
          1120.7268274892328,
          0.0,
          0.0,
          1.0
        ],
        "color_correction_matrix": [
          1.8404065518085138,
          -0.5578011328514897,
          -0.15241576543902183,
          -0.5700520483303753,
          2.0682018396784168,
          -0.423150927405688,
          0.1693907035336866,
          -0.8068911135355554,
          1.8514696680313474
        ],
        "distortion_coefficients": [
          -0.14147671729391137,
          0.160877459961703,
          2.0131037910193408e-05,
          0.00020202506372585602,
          -0.055291007249633845
        ],
        "resolution": [
          2664,
          2304
        ],
        "white_balance_coefficients": [
          5.000448880849271,
          2.4000000000000004,
          4.693878390191505
        ]
      }
    },
    {
      "camera_id": "C0031",
      "extrinsics": {
        "view_matrix": [
          -0.9084068735733246,
          -0.2692275830909405,
          0.3198647535252177,
          -0.8015680084611699,
          0.0881491551039855,
          -0.8712032767800493,
          -0.4829436581860847,
          1.698752983363431,
          0.4086889752601494,
          -0.41051353087409304,
          0.8151392288867552,
          0.9937621688164485,
          0.0,
          0.0,
          0.0,
          1.0
        ]
      },
      "intrinsics": {
        "camera_matrix": [
          2287.985646729405,
          0.0,
          1325.04782882081,
          0.0,
          2287.5778437031618,
          1148.4813339701643,
          0.0,
          0.0,
          1.0
        ],
        "color_correction_matrix": [
          1.8404065518085138,
          -0.5578011328514897,
          -0.15241576543902183,
          -0.5700520483303753,
          2.0682018396784168,
          -0.423150927405688,
          0.1693907035336866,
          -0.8068911135355554,
          1.8514696680313474
        ],
        "distortion_coefficients": [
          -0.1396541957885712,
          0.15228685911547854,
          -8.297207922799937e-05,
          -0.00018982144215720377,
          -0.04986729003223731
        ],
        "resolution": [
          2664,
          2304
        ],
        "white_balance_coefficients": [
          5.000448880849271,
          2.4000000000000004,
          4.693878390191505
        ]
      }
    },
    {
      "camera_id": "C0034",
      "extrinsics": {
        "view_matrix": [
          0.9961017296796325,
          0.08791907547134223,
          0.007181942460742839,
          -0.07222757961702975,
          -0.08020098144381721,
          0.8687330302682259,
          0.4887440277859514,
          -1.2125404725087994,
          0.0367307324279477,
          -0.48741477028220087,
          0.8723976702204429,
          0.42463415161242674,
          0.0,
          0.0,
          0.0,
          1.0
        ]
      },
      "intrinsics": {
        "camera_matrix": [
          2288.1778547761733,
          0.0,
          1334.1445667875669,
          0.0,
          2288.081176878417,
          1164.56332506821,
          0.0,
          0.0,
          1.0
        ],
        "color_correction_matrix": [
          1.8404065518085138,
          -0.5578011328514897,
          -0.15241576543902183,
          -0.5700520483303753,
          2.0682018396784168,
          -0.423150927405688,
          0.1693907035336866,
          -0.8068911135355554,
          1.8514696680313474
        ],
        "dark_image_path": "",
        "distortion_coefficients": [
          -0.14416859754700717,
          0.15933009121173478,
          -7.37138760041853e-05,
          4.086062476542095e-05,
          -0.051419616575328855
        ],
        "resolution": [
          2664,
          2304
        ],
        "white_balance_coefficients": [
          5.000448880849271,
          2.4000000000000004,
          4.693878390191505
        ]
      }
    },
    {
      "camera_id": "C0037",
      "extrinsics": {
        "view_matrix": [
          -0.9880147496713177,
          0.033647587316810265,
          -0.1506475831192844,
          0.524696291077844,
          0.15433814562920303,
          0.23157186627320703,
          -0.9604968545260745,
          2.399853542657484,
          0.00256734019229315,
          -0.9722357279068188,
          -0.23398952571821569,
          3.3075170889833174,
          0.0,
          0.0,
          0.0,
          1.0
        ]
      },
      "intrinsics": {
        "camera_matrix": [
          2286.1479288074484,
          0.0,
          1331.4174262061074,
          0.0,
          2285.7708170705214,
          1132.9767277145497,
          0.0,
          0.0,
          1.0
        ],
        "color_correction_matrix": [
          1.8404065518085138,
          -0.5578011328514897,
          -0.15241576543902183,
          -0.5700520483303753,
          2.0682018396784168,
          -0.423150927405688,
          0.1693907035336866,
          -0.8068911135355554,
          1.8514696680313474
        ],
        "distortion_coefficients": [
          -0.13702863412516925,
          0.13560254658685295,
          -6.65099169814402e-05,
          -4.111045013923675e-05,
          -0.024221352239153972
        ],
        "resolution": [
          2664,
          2304
        ],
        "white_balance_coefficients": [
          5.000448880849271,
          2.4000000000000004,
          4.693878390191505
        ]
      }
    },
    {
      "camera_id": "C0038",
      "extrinsics": {
        "view_matrix": [
          0.9547770361538062,
          -0.25557219840507656,
          0.15193308604695013,
          -0.5499238011850792,
          0.15636317888111823,
          -0.0030190261039350556,
          -0.9876950145523544,
          2.50012471014659,
          0.25288607617570635,
          0.9667852589297068,
          0.037079584580667596,
          2.040630134461919,
          0.0,
          0.0,
          0.0,
          1.0
        ]
      },
      "intrinsics": {
        "camera_matrix": [
          2277.4092682746236,
          0.0,
          1307.3919179613613,
          0.0,
          2277.0050539613308,
          1094.443010514891,
          0.0,
          0.0,
          1.0
        ],
        "color_correction_matrix": [
          1.8404065518085138,
          -0.5578011328514897,
          -0.15241576543902183,
          -0.5700520483303753,
          2.0682018396784168,
          -0.423150927405688,
          0.1693907035336866,
          -0.8068911135355554,
          1.8514696680313474
        ],
        "dark_image_path": "",
        "distortion_coefficients": [
          -0.142502643602747,
          0.15076703397230767,
          -8.896767892099602e-05,
          -0.00014864070228674792,
