{
  "cameras": [
    {
      "camera_id": "C0000",
      "extrinsics": {
        "view_matrix": [
          0.9190569703104098,
          -0.35247792780677667,
          0.17633376231706616,
          -0.4200118962139168,
          0.12102489718308693,
          -0.17339448857378656,
          -0.9773880117916623,
          2.4990261105300626,
          0.3750830035947698,
          0.9196160403892898,
          -0.11670080836502453,
          2.860327621306349,
          0.0,
          0.0,
          0.0,
          1.0
        ]
      },
      "intrinsics": {
        "camera_matrix": [
          4567.28847021834,
          0.0,
          2655.4906490315207,
          0.0,
          4566.881722980254,
          2268.3913794893633,
          0.0,
          0.0,
          1.0
        ],
        "color_correction_matrix": [
          2.0188343583867834,
          -0.4916621354190036,
          -0.34048212897314567,
          -0.6716832397565446,
          2.4805629540741916,
          -0.5654642213761716,
          0.07351339104220876,
          -0.8296724335760928,
          2.0344322855522727
        ],
        "distortion_coefficients": [
          -0.1344309837886725,
          0.13518566918681438,
          7.095986094012347e-05,
          -0.00014722365790412388,
          -0.027476264280788466
        ],
        "resolution": [
          5328,
          4608
        ],
        "white_balance_coefficients": [
          2.1413391426529698,
          1.0,
          1.975866410766027
        ]
      }
    },
    {
      "camera_id": "C0001",
      "extrinsics": {
        "view_matrix": [
          -0.9448840033683236,
          -0.024531145446984495,
          0.32648498140298704,
          -0.7778766946811395,
          -0.0045468052330550285,
          0.9980761146112691,
          0.06183361549065246,
          -0.24777070022319458,
          -0.32737371113273983,
          0.05694113052558833,
          -0.9431776931806888,
          4.929358836389354,
          0.0,
          0.0,
          0.0,
          1.0
        ]
      },
      "intrinsics": {
        "camera_matrix": [
          4581.031163831673,
          0.0,
          2669.066917094256,
          0.0,
          4580.535447272486,
          2250.836687670706,
          0.0,
          0.0,
          1.0
        ],
        "color_correction_matrix": [
          1.6703516613187723,
          -0.44431964285865305,
          -0.27998008794550716,
          -0.5965909715318196,
          2.0718855980989224,
          -0.49907517784449223,
          0.07673749283110944,
          -0.7056957536285137,
          1.652816364581535
        ],
        "distortion_coefficients": [
          -0.1381852643274482,
          0.14378840214501765,
          -3.892379789592877e-05,
          4.3683763625750545e-05,
          -0.033888734381609796
        ],
        "resolution": [
          5328,
          4608
        ],
        "white_balance_coefficients": [
          2.0790684731760276,
          1.0,
          1.9674196872010017
        ]
      }
    },
    {
      "camera_id": "C0004",
      "extrinsics": {
        "view_matrix": [
          1.0,
          -1.2511541445803093e-20,
          2.8809913312641275e-20,
          0.0,
          4.4594584031779616e-20,
          1.0000000000000002,
          -9.213669001771812e-21,
          0.0,
          2.8809913312641275e-20,
          -9.213695142945785e-21,
          1.0,
          0.0,
          0.0,
          0.0,
          0.0,
          1.0
        ]
      },
      "intrinsics": {
        "camera_matrix": [
          4567.211574551538,
          0.0,
          2642.1791610825,
          0.0,
          4566.545809151981,
          2275.9181327586875,
          0.0,
          0.0,
          1.0
        ],
        "color_correction_matrix": [
          1.4953323949737294,
          -0.3569042072519447,
          -0.2505299620723046,
          -0.5429442026391662,
          1.9014091208292296,
          -0.43630189103268613,
          0.06546193995423791,
          -0.6369953020962151,
          1.53466337996409
        ],
        "distortion_coefficients": [
          -0.13514281552894947,
          0.13549919276577765,
          -6.769159412703571e-05,
          -0.0002554645192480442,
          -0.02989770162554067
        ],
        "resolution": [
          5328,
          4608
        ],
        "white_balance_coefficients": [
          2.0660012516411475,
          1.0,
          1.972050763990527
        ]
      }
    },
    {
      "camera_id": "C0005",
      "extrinsics": {
        "view_matrix": [
          0.9766738295133264,
          0.0307842518783118,
          0.21251014229929605,
          -0.4718717523784436,
          -0.08050974050266822,
          -0.8649749630190352,
          0.4953145415131803,
          -1.0599352257316934,
          0.19906384008143577,
          -0.5008698864840166,
          -0.8423199774346571,
          4.647401844000622,
          0.0,
          0.0,
          0.0,
          1.0
        ]
      },
      "intrinsics": {
        "camera_matrix": [
          4567.823925912473,
          0.0,
          2672.6599727221487,
          0.0,
          4567.329521711138,
          2333.111852115493,
          0.0,
          0.0,
          1.0
        ],
        "color_correction_matrix": [
          1.574430552817377,
          -0.4364720639198973,
          -0.25070063333458714,
          -0.5695847881039078,
          1.9494868338117721,
          -0.46002878870478575,
          0.06385363888714674,
          -0.6469806760090939,
          1.5491150989778355
        ],
        "distortion_coefficients": [
          -0.13894687782292842,
          0.14997111896998455,
          0.00013769677510665803,
          -9.029668761588555e-05,
          -0.04392363383184318
        ],
        "resolution": [
          5328,
          4608
        ],
        "white_balance_coefficients": [
          2.1169223912807658,
          0.9999999999999999,
          1.9559582732313947
        ]
      }
    },
    {
      "camera_id": "C0006",
      "extrinsics": {
        "view_matrix": [
          0.9937553188301914,
          0.06295835507756353,
          0.09212280837356142,
          -0.11352927264428023,
          -0.11124113223086533,
          0.4945955585124535,
          0.861974851141116,
          -2.0859333446770685,
          0.008704986886815008,
          -0.8668399385271088,
          0.49851052564376075,
          1.3357945235463506,
          0.0,
          0.0,
          0.0,
          1.0
        ]
      },
      "intrinsics": {
        "camera_matrix": [
          4565.312294820524,
          0.0,
          2684.110572281625,
          0.0,
          4564.943886601817,
          2286.718806542393,
          0.0,
          0.0,
          1.0
        ],
        "color_correction_matrix": [
          1.5363769078811422,
          -0.40600654360788385,
          -0.256744436198607,
          -0.5772532173919918,
          1.9475877300539755,
          -0.4705065695563122,
          0.044122049132388104,
          -0.6175691111566567,
          1.5274246892817196
        ],
        "distortion_coefficients": [
          -0.14181516554934445,
          0.15836188382923788,
          0.00013149347904573645,
          0.00018561068326506102,
          -0.053074761941238266
        ],
        "resolution": [
          5328,
          4608
        ],
        "white_balance_coefficients": [
          2.126875130546737,
          1.0,
          1.925600773738955
        ]
      }
    },
    {
      "camera_id": "C0007",
      "extrinsics": {
        "view_matrix": [
          0.9920700391639627,
          -0.11416310890614409,
          0.052572064426819394,
          -0.12811907047794413,
          0.10136585419890345,
          0.4794465273065153,
          -0.8716971900013499,
          2.1674655095441024,
          0.07431016751253101,
          0.8701136776413798,
          0.48721677617427434,
          1.1958236204788368,
          0.0,
          0.0,
          0.0,
          1.0
        ]
      },
      "intrinsics": {
        "camera_matrix": [
          4573.916996568672,
          0.0,
          2660.2893032297216,
          0.0,
          4573.1918673145165,
          2233.3361735220988,
          0.0,
          0.0,
          1.0
        ],
        "color_correction_matrix": [
          1.9257437092104974,
          -0.4586725776747592,
          -0.4456278307775589,
          -0.8032197449717338,
          2.5591222291077766,
          -0.6845545173450629,
          0.009050410384044206,
          -0.7829275464974592,
          1.9069648951780165
        ],
        "distortion_coefficients": [
          -0.1347696533940626,
          0.13255844653837323,
          0.00020805518295221622,
          9.753685795687253e-05,
          -0.02436741817025716
        ],
        "resolution": [
          5328,
          4608
        ],
        "white_balance_coefficients": [
          2.091046789525239,
          1.0,
          1.9921361637864843
        ]
      }
    },
    {
      "camera_id": "C0008",
      "extrinsics": {
        "view_matrix": [
          0.9845631786847069,
          0.11529796637187295,
          0.13168798779226873,
          -0.3410767004971079,
          -0.13580266233350075,
          0.028556355750084715,
          0.9903242759063355,
          -2.4509751593374705,
          0.11042184603328925,
          -0.992920396354504,
          0.04377330718389347,
          2.4845796421804103,
          0.0,
          0.0,
          0.0,
          1.0
        ]
      },
      "intrinsics": {
        "camera_matrix": [
          4575.966518098312,
          0.0,
          2635.0499680416115,
          0.0,
          4575.716679651803,
          2290.99504731566,
          0.0,
          0.0,
          1.0
        ],
        "color_correction_matrix": [
          1.6190333872689628,
          -0.41888018500773067,
          -0.249488950554719,
          -0.5661313703015791,
          2.0137405919293885,
          -0.4621954248308231,
          0.07891657601245912,
          -0.6720880656055959,
          1.622115636984387
        ],
        "distortion_coefficients": [
          -0.13882444134741545,
          0.14770138925210968,
          -0.00016577119551183187,
          -4.768125323651916e-05,
          -0.03904287486607962
        ],
        "resolution": [
          5328,
          4608
        ],
        "white_balance_coefficients": [
          2.0947438923765462,
          1.0,
          1.9588845135487951
        ]
      }
    },
    {
      "camera_id": "C0009",
      "extrinsics": {
        "view_matrix": [
          0.9688511750362193,
          0.10375748164156563,
          -0.2248594797519942,
          0.5075049215581522,
          -0.0253529646822538,
          0.9447827063872957,
          0.32671526577942106,
          -0.9039686024916946,
          0.24634250102805588,
          -0.3108376147040406,
          0.9179843950048088,
          0.3973969092968202,
          0.0,
          0.0,
          0.0,
          1.0
        ]
      },
      "intrinsics": {
        "camera_matrix": [
          4568.198925805383,
          0.0,
          2675.2437375851778,
          0.0,
          4567.578896916023,
          2237.5284437201135,
          0.0,
          0.0,
          1.0
        ],
        "color_correction_matrix": [
          1.5138146706606006,
          -0.32402486086158216,
          -0.24416494954233528,
          -0.5508790289159914,
          1.9560631953513243,
          -0.42591769375641486,
          0.08008754595450389,
          -0.6525566694945012,
          1.5941661593855072
        ],
        "distortion_coefficients": [
          -0.1365453492758466,
          0.1386787637406878,
          0.0001301450474592609,
          1.3808632491567828e-05,
          -0.027299670851889873
        ],
        "resolution": [
          5328,
          4608
        ],
        "white_balance_coefficients": [
          2.008867531664254,
          1.0,
          1.9760425382220812
        ]
      }
    },
    {
      "camera_id": "C0010",
      "extrinsics": {
        "view_matrix": [
          -0.8712379365004029,
          -0.3289386124869193,
          -0.36434029041227345,
          0.9287280122076499,
          -0.10534660413295041,
          -0.5996508024942869,
          0.7932975532961215,
          -1.8541194873297886,
          -0.4794231439972155,
          0.7295329357082774,
          0.48778596199223195,
          1.4475202275169314,
          0.0,
          0.0,
          0.0,
          1.0
        ]
      },
      "intrinsics": {
        "camera_matrix": [
          4572.221484262506,
          0.0,
          2646.2132997005624,
          0.0,
          4571.704384634441,
          2249.263734970598,
          0.0,
          0.0,
          1.0
        ],
        "color_correction_matrix": [
          2.075877970412447,
          -0.5941605672854066,
          -0.3848699948150876,
          -0.7485278577338741,
          2.532974067578164,
          -0.6382244616027438,
          0.0502582819212528,
          -0.8460629996252498,
          2.0031538177815307
        ],
        "distortion_coefficients": [
          -0.14013717561027217,
          0.15464981632107788,
          -0.00016279008802136483,
          -0.00019730248036902361,
          -0.05035750529393957
        ],
        "resolution": [
          5328,
          4608
        ],
        "white_balance_coefficients": [
          2.1759062454480587,
          1.0,
          1.965616864016568
        ]
      }
    },
    {
      "camera_id": "C0012",
      "extrinsics": {
        "view_matrix": [
          0.9785929466326937,
          -0.11644416353962023,
          0.16969561449342296,
          -0.3981946063711154,
          0.0842401877254407,
          -0.5256723566834921,
          -0.8465058559695888,
          2.181876195013437,
          0.18777495991937998,
          0.8426798503562205,
          -0.5046099822941412,
          3.6766811140871005,
          0.0,
          0.0,
          0.0,
          1.0
        ]
      },
      "intrinsics": {
        "camera_matrix": [
          4582.746314560119,
          0.0,
          2623.082407018944,
          0.0,
          4582.4556520264,
          2255.529091673858,
          0.0,
          0.0,
          1.0
        ],
        "color_correction_matrix": [
          1.5320749798847406,
          -0.3514076689905524,
          -0.2710968310344253,
          -0.5482958514414527,
          1.938404847017531,
          -0.4484039924527676,
          0.08022475198206845,
          -0.6618937932075745,
          1.5658325210737014
        ],
        "distortion_coefficients": [
          -0.1384200706089141,
          0.14550100918790104,
          -0.00012182713400336984,
          -4.732417493474081e-05,
          -0.04058306795218608
        ],
        "resolution": [
          5328,
          4608
        ],
        "white_balance_coefficients": [
          2.0058027411869794,
          1.0,
          1.976379351996445
        ]
      }
    },
    {
      "camera_id": "C0013",
      "extrinsics": {
        "view_matrix": [
          0.9076995377024435,
          -0.39973233461696417,
          -0.12765425929612112,
          0.3777933481162128,
          -0.12512569437266685,
          -0.5482102267553867,
          0.8269275106613427,
          -2.041325175597756,
          -0.40053103483067065,
          -0.7346288913066776,
          -0.5476269553217711,
          4.019999462202738,
          0.0,
          0.0,
          0.0,
          1.0
        ]
      },
      "intrinsics": {
        "camera_matrix": [
          4561.418327205906,
          0.0,
          2690.6116198131645,
          0.0,
          4561.31639463386,
          2254.1830450820926,
          0.0,
          0.0,
          1.0
        ],
        "color_correction_matrix": [
          2.036815737628213,
          -0.48020717101162685,
          -0.4838998302296314,
          -0.8564808008051993,
          2.7371271855807366,
          -0.7525957212229971,
          0.010394737784784178,
          -0.8717556260667099,
          2.0514077361639846
        ],
        "distortion_coefficients": [
          -0.13342665748963373,
          0.1354656919161408,
          -0.0002474401752057505,
          8.589292970611567e-05,
          -0.03474120201402199
        ],
        "resolution": [
          5328,
          4608
        ],
        "white_balance_coefficients": [
          2.073997040647719,
          1.0,
          2.0110169834778624
        ]
      }
    },
    {
      "camera_id": "C0014",
      "extrinsics": {
        "view_matrix": [
          0.9087404844054726,
          0.20978342869841696,
          0.36080693597274865,
          -0.8781730227331799,
          -0.07827664009963284,
          -0.7634862336438274,
          0.6410628195825083,
          -1.4964466743261027,
          0.40995548492149675,
          -0.610802491874337,
          -0.6773897078513083,
          4.408552771084387,
          0.0,
          0.0,
          0.0,
          1.0
        ]
      },
      "intrinsics": {
        "camera_matrix": [
          4566.83066050494,
          0.0,
          2649.001916648152,
          0.0,
          4566.510378924083,
          2318.1626119136845,
          0.0,
          0.0,
          1.0
        ],
        "color_correction_matrix": [
          1.544245206082392,
          -0.4023750515941049,
          -0.22960949199838465,
          -0.5150545045808671,
          1.885332117851169,
          -0.4289732235350988,
          0.09137241155385231,
          -0.6654098102517333,
          1.5555155265241296
        ],
        "distortion_coefficients": [
          -0.13882019057216635,
          0.14754092730473725,
          -0.00011271656909609037,
          -7.23234547457117e-05,
          -0.035868668952286034
        ],
        "resolution": [
          5328,
          4608
        ],
        "white_balance_coefficients": [
          2.0837789820457266,
          0.9999999999999999,
          1.9570984036862993
        ]
      }
    },
    {
      "camera_id": "C0016",
      "extrinsics": {
        "view_matrix": [
          0.9566293057268563,
          -0.24527157426647192,
          -0.1571694190400905,
          0.3626627469664613,
          0.08888376345937382,
          0.7595604130642919,
          -0.644335049100156,
          1.5478741624040715,
          0.27741674069502564,
          0.6024199812111555,
          0.7484184111977068,
          0.7274695596365625,
          0.0,
          0.0,
          0.0,
          1.0
        ]
      },
      "intrinsics": {
        "camera_matrix": [
          4561.38970920547,
          0.0,
          2631.736323978505,
          0.0,
          4560.613691085992,
          2294.0943564530044,
          0.0,
          0.0,
          1.0
        ],
        "color_correction_matrix": [
          1.7561422860439766,
          -0.4167716167209566,
          -0.3014849061146676,
          -0.6082706922818498,
          2.183294960664516,
          -0.4973068926328956,
          0.08028236651091111,
          -0.7480812056538799,
          1.7899082989171402
        ],
        "distortion_coefficients": [
          -0.13195136058785845,
          0.12177457013143819,
          0.0004820251350789829,
          -0.0004007872743581931,
          -0.006161988687741168
        ],
        "resolution": [
          5328,
          4608
        ],
        "white_balance_coefficients": [
          2.0817905688387848,
          1.0,
          1.9812514583639098
        ]
      }
    },
    {
      "camera_id": "C0018",
      "extrinsics": {
        "view_matrix": [
          0.9941688096626999,
          -0.09063429741369358,
          -0.05842775048020311,
          -0.03161463274480998,
          0.05650378499221404,
          0.8993238354272369,
          -0.4336172982181386,
          1.273867831686657,
          0.09184606782766686,
          0.42778740416797073,
          0.8992008878219733,
          0.19572827943460439,
          0.0,
          0.0,
          0.0,
          1.0
        ]
      },
      "intrinsics": {
        "camera_matrix": [
          4560.822917024775,
          0.0,
          2609.688725774461,
          0.0,
          4560.413994939225,
          2221.868369533497,
          0.0,
          0.0,
          1.0
        ],
        "color_correction_matrix": [
          1.6128937795946003,
          -0.3397342746015269,
          -0.31623880188263515,
          -0.6387686254060059,
          2.131381467038656,
          -0.49885957263622005,
          0.053337150696879415,
          -0.6875477150822812,
          1.6761524861549653
        ],
        "distortion_coefficients": [
          -0.13991537964773101,
          0.15254317879135146,
          6.296139378969703e-05,
          8.411158654940188e-05,
          -0.049391830867468206
        ],
        "resolution": [
          5328,
          4608
        ],
        "white_balance_coefficients": [
          1.9906315107240964,
          1.0,
          1.990340681845903
        ]
      }
    },
    {
      "camera_id": "C0019",
      "extrinsics": {
        "view_matrix": [
          -0.8231358186145833,
          -0.5207360240345467,
          -0.2264540072208743,
          0.6823034442025278,
          0.1570983069012692,
          0.17439600246434303,
          -0.9720628355683655,
          2.387359698687381,
          0.5456808097069699,
          -0.835715279025787,
          -0.06174484853327201,
          3.1431048419182095,
          0.0,
          0.0,
          0.0,
          1.0
        ]
      },
      "intrinsics": {
        "camera_matrix": [
          4566.5619944495475,
          0.0,
          2599.6356309104885,
          0.0,
          4566.617319694149,
          2326.9190722638646,
          0.0,
          0.0,
          1.0
        ],
        "color_correction_matrix": [
          1.6368975845583786,
          -0.3720092365085433,
          -0.2553556363053057,
          -0.5794114032003845,
          2.0611811604228962,
          -0.442528817533193,
          0.09626031220846741,
          -0.6997306152630791,
          1.6915062614663154
        ],
        "distortion_coefficients": [
          -0.14218951007979821,
          0.1581993730172057,
          -0.0001673683836101,
          0.00016367452406991078,
          -0.053859481640857666
        ],
        "resolution": [
          5328,
          4608
        ],
        "white_balance_coefficients": [
          2.0084022726554736,
          1.0,
          1.9506467834417345
        ]
      }
    },
    {
      "camera_id": "C0020",
      "extrinsics": {
        "view_matrix": [
          -0.9559014303375215,
          -0.02840125745842341,
          -0.2923111767508408,
          0.6061450829891997,
          -0.03797523656257297,
          -0.9750041874693203,
          0.2189171437446319,
          -0.4643687422889288,
          -0.29122214353770837,
          0.22036379691789565,
          0.9309293529163376,
          0.17931041324719998,
          0.0,
          0.0,
          0.0,
          1.0
        ]
      },
      "intrinsics": {
        "camera_matrix": [
          4576.017882286799,
          0.0,
          2614.4568229090446,
          0.0,
          4575.568565939271,
          2248.2313960365923,
          0.0,
          0.0,
          1.0
        ],
        "color_correction_matrix": [
          1.6314688752752118,
          -0.36299552890116926,
          -0.30997063181103224,
          -0.6208929839646492,
          2.108316030836474,
          -0.4930832571136648,
          0.0454305827729764,
          -0.6626002642357287,
          1.6542872226925804
        ],
        "distortion_coefficients": [
          -0.1374085959098379,
          0.14255131335433055,
          -0.00018453436565319783,
          -2.7137468729894333e-05,
          -0.03573643969662602
        ],
        "resolution": [
          5328,
          4608
        ],
        "white_balance_coefficients": [
          2.0351658090531086,
          1.0,
          1.9620076044484598
        ]
      }
    },
    {
      "camera_id": "C0021",
      "extrinsics": {
        "view_matrix": [
          -0.9635720833835455,
          0.13172577743286132,
          -0.23275987558770078,
          0.45747887986163416,
          0.0796605202504134,
          -0.689438833889305,
          -0.7199502037216107,
          1.8847357225924506,
          -0.25530969749958027,
          -0.7122656905151783,
          0.6538306695755477,
          0.9625271776058252,
          0.0,
          0.0,
          0.0,
          1.0
        ]
      },
      "intrinsics": {
        "camera_matrix": [
          4564.359531465198,
          0.0,
          2648.904128173375,
          0.0,
          4563.821743682284,
          2251.3657141834624,
          0.0,
          0.0,
          1.0
        ],
        "color_correction_matrix": [
          1.622043412620357,
          -0.4114142104152453,
          -0.2962262453809866,
          -0.6197486239037602,
          2.086646563901717,
          -0.5136404994994797,
          0.042178262654842355,
          -0.6653473116947067,
          1.620880856628733
        ],
        "distortion_coefficients": [
          -0.13543392545753252,
          0.13991324986038797,
          6.051454840489825e-05,
          2.4430405143661005e-05,
          -0.03553444754214649
        ],
        "resolution": [
          5328,
          4608
        ],
        "white_balance_coefficients": [
          2.090242008097275,
          1.0,
          1.9399773665156428
        ]
      }
    },
    {
      "camera_id": "C0022",
      "extrinsics": {
        "view_matrix": [
          -0.9938769763664747,
          -0.10724191671762266,
          -0.026603141682224826,
          0.01628956923681154,
          -0.09274945152723561,
          0.678883436135544,
          0.7283644825100919,
          -1.8932701826384126,
          -0.06005077093619211,
          0.7263721163697899,
          -0.6846732457679661,
          4.165581920239703,
          0.0,
          0.0,
          0.0,
          1.0
        ]
      },
      "intrinsics": {
        "camera_matrix": [
          4561.65593878895,
          0.0,
          2633.906044618896,
          0.0,
          4560.900591367311,
          2265.139176066172,
          0.0,
          0.0,
          1.0
        ],
        "color_correction_matrix": [
          1.6198232922499567,
          -0.41298034857929905,
          -0.29209689629445545,
          -0.5776619476333382,
          2.029859716154588,
          -0.5033630446529512,
          0.06690434276662531,
          -0.683527323636222,
          1.6114081263982762
        ],
        "distortion_coefficients": [
          -0.14020093848526471,
          0.14897855518132436,
          0.00012829124156767433,
          4.384757608146463e-05,
          -0.04130707717996575
        ],
        "resolution": [
          5328,
          4608
        ],
        "white_balance_coefficients": [
          2.1028560499140414,
          1.0,
          1.9733390049972568
        ]
      }
    },
    {
      "camera_id": "C0024",
      "extrinsics": {
        "view_matrix": [
          -0.7397734811727242,
          -0.23101585960644108,
          -0.6319547999373737,
          1.8381936141419006,
          0.06801602797264159,
          0.9087268266246243,
          -0.41181230495404664,
          1.084373692040884,
          0.6694094535427579,
          -0.3476308777756041,
          -0.6565392267980253,
          4.573086643594369,
          0.0,
          0.0,
          0.0,
          1.0
        ]
      },
      "intrinsics": {
        "camera_matrix": [
          4571.425833909245,
          0.0,
          2586.1911201810735,
          0.0,
          4571.157704383501,
          2217.1296849578184,
          0.0,
          0.0,
          1.0
        ],
        "color_correction_matrix": [
          1.8440981967300205,
          -0.5045557538339477,
          -0.25397110332646006,
          -0.6029463589675085,
          2.2006437686613536,
          -0.4759536642212058,
          0.10191465318055291,
          -0.7633325749515166,
          1.8317003671028238
        ],
        "distortion_coefficients": [
          -0.14057961612054848,
          0.15252801806021413,
          -0.0001304599905433861,
          7.1548873533558e-05,
          -0.04199089193455422
        ],
        "resolution": [
          5328,
          4608
        ],
        "white_balance_coefficients": [
          2.1292179310068065,
          1.0,
          1.9667244481024067
        ]
      }
    },
    {
      "camera_id": "C0025",
      "extrinsics": {
        "view_matrix": [
          -0.8480349105531861,
          0.5291613680105014,
          -0.028723458849953757,
          0.04337590234249614,
          -0.12634769310831323,
          -0.14925189988705537,
          0.9806936987797527,
          -2.454573528502796,
          0.5146581884408891,
          0.8352916358885439,
          0.19342913970077805,
          2.345460445895793,
          0.0,
          0.0,
          0.0,
          1.0
        ]
      },
      "intrinsics": {
        "camera_matrix": [
          4555.647111794238,
          0.0,
          2661.292088634506,
          0.0,
          4555.9750906848885,
          2241.3297055155626,
          0.0,
          0.0,
          1.0
        ],
        "color_correction_matrix": [
          1.9156179549220116,
          -0.46702037936517826,
          -0.293267051640537,
          -0.6315256408058171,
          2.330433495836015,
          -0.502425620074335,
          0.11069531139376587,
          -0.8297848774860312,
          1.9651474883188453
        ],
        "distortion_coefficients": [
          -0.13428763495938614,
          0.13770372872137876,
          -0.00021025212129002565,
          8.840279190533484e-05,
          -0.034191066162895585
        ],
        "resolution": [
          5328,
          4608
        ],
        "white_balance_coefficients": [
          2.0944677214943987,
          1.0,
          1.996403277064088
        ]
      }
    },
    {
      "camera_id": "C0026",
      "extrinsics": {
        "view_matrix": [
          0.9874596159101537,
          0.03815826708693132,
          0.15319090573364247,
          -0.21358595485171428,
          -0.11174109768180779,
          -0.5165392843063024,
          0.8489411610101122,
          -1.920194952110087,
          0.11152324437280334,
          -0.8554128327429131,
          -0.5057978366336776,
          3.834899244975067,
          0.0,
          0.0,
          0.0,
          1.0
        ]
      },
      "intrinsics": {
        "camera_matrix": [
          4576.46554092021,
          0.0,
          2660.997686196894,
          0.0,
          4576.247957564235,
          2269.8654930270195,
          0.0,
          0.0,
          1.0
        ],
        "color_correction_matrix": [
          1.4968065620921356,
          -0.3522563912228753,
          -0.27107789927142745,
          -0.5667592862541754,
          1.926050155122628,
          -0.45203484125493043,
          0.060784501487371294,
          -0.6373212249154757,
          1.5316675329246054
        ],
        "distortion_coefficients": [
          -0.14117440211414298,
          0.1464937165923122,
          -5.5057087889958466e-05,
          -0.00018798282064217802,
          -0.029597926933261645
        ],
        "resolution": [
          5328,
          4608
        ],
        "white_balance_coefficients": [
          2.0288142139593224,
          0.9999999999999999,
          1.9570742574673476
        ]
      }
    },
    {
      "camera_id": "C0028",
      "extrinsics": {
        "view_matrix": [
          0.9611581178957268,
          -0.02768197374921723,
          0.27460659266028475,
          -0.76560673613222,
          -0.03241605587021883,
          -0.9993935734226264,
          0.012715530793976158,
          0.11674463797994927,
          0.27408807293452736,
          -0.021123298295989502,
          -0.9614725864756289,
          4.893460079614309,
          0.0,
          0.0,
          0.0,
          1.0
        ]
      },
      "intrinsics": {
        "camera_matrix": [
          4569.563309857496,
          0.0,
          2653.1308877815427,
          0.0,
          4569.416805073651,
          2277.7298583814877,
          0.0,
          0.0,
          1.0
        ],
        "color_correction_matrix": [
          1.5186054363302335,
          -0.3578895807408011,
          -0.24855144728722897,
          -0.5471276323702717,
          1.9225102386136774,
          -0.4297649318214429,
          0.07404349057361896,
          -0.6361786754840169,
          1.548496339347039
        ],
        "distortion_coefficients": [
          -0.1400607391569265,
          0.14651431799125242,
          -8.04277569478837e-05,
          -0.00011527044922828189,
          -0.033027656674199754
        ],
        "resolution": [
          5328,
          4608
        ],
        "white_balance_coefficients": [
          2.039411087017003,
          0.9999999999999999,
          1.9895272731398632
        ]
      }
    },
    {
      "camera_id": "C0029",
      "extrinsics": {
        "view_matrix": [
          0.9735849353908215,
          -0.07731297283007918,
          0.21483732872158473,
          -0.5015707956026191,
          0.05416011847436938,
          -0.8358739813905037,
          -0.5462429576674015,
          1.5090379136920502,
          0.2218086002545733,
          0.5434495298245862,
          -0.8096070363988591,
          4.305444965885182,
          0.0,
          0.0,
          0.0,
          1.0
        ]
      },
      "intrinsics": {
        "camera_matrix": [
          4568.894969875681,
          0.0,
          2631.27554824375,
          0.0,
          4568.181353974795,
          2258.3230894605044,
          0.0,
          0.0,
          1.0
        ],
        "color_correction_matrix": [
          1.6489001106236962,
          -0.3893789766676621,
          -0.2966180628469691,
          -0.6017944855954181,
          2.089767739514524,
          -0.48852428879408877,
          0.07735867773364809,
          -0.7054764039245551,
          1.6732569294374613
        ],
        "distortion_coefficients": [
          -0.13851037440310365,
          0.13977847419116135,
          9.495156616393624e-05,
          8.606155427726311e-05,
          -0.0303047602077749
        ],
        "resolution": [
          5328,
          4608
        ],
        "white_balance_coefficients": [
          2.0202867314846724,
          1.0,
          1.970705379341674
        ]
      }
    },
    {
      "camera_id": "C0030",
      "extrinsics": {
        "view_matrix": [
          -0.7268601401870475,
          0.35646561315399694,
          -0.5870320291483339,
          1.7383371156331082,
          -0.06992852317462439,
          0.8118975759829986,
          0.5795966940550532,
          -1.4184152841450055,
          0.6832161724182773,
          0.4623360171473515,
          -0.5652088720061305,
          4.264283785671436,
          0.0,
          0.0,
          0.0,
          1.0
        ]
      },
      "intrinsics": {
        "camera_matrix": [
          4577.75578935825,
          0.0,
          2650.336644864189,
          0.0,
          4577.465946159262,
          2258.8645573578738,
          0.0,
          0.0,
          1.0
        ],
        "color_correction_matrix": [
          1.4545542673703775,
          -0.3549261099526043,
          -0.20924042819599137,
          -0.4958953761840371,
          1.7963624570462149,
          -0.38665923605349006,
          0.09504177808727846,
          -0.6325433848892964,
          1.5017328104781102
        ],
        "distortion_coefficients": [
          -0.14335177291529086,
          0.16288879900367528,
          -8.602996615903515e-05,
          0.0001230599726347733,
          -0.052742935841235045
        ],
        "resolution": [
          5328,
          4608
        ],
        "white_balance_coefficients": [
          2.0364024359904525,
          1.0,
          1.953218971142698
        ]
      }
    },
    {
      "camera_id": "C0031",
      "extrinsics": {
        "view_matrix": [
          -0.8961967745983819,
          -0.2830824833147316,
          0.3416074484548331,
          -0.7975663506676355,
          0.012995884597678285,
          -0.7864014408310278,
          -0.6175790482540733,
          1.5467639460391087,
          0.4434664002864034,
          -0.5490328601270127,
          0.7084493420970699,
          1.196169889670226,
          0.0,
          0.0,
          0.0,
          1.0
        ]
      },
      "intrinsics": {
        "camera_matrix": [
          4565.170222876345,
          0.0,
          2643.361661379248,
          0.0,
          4564.847565136996,
          2276.9552287478014,
          0.0,
          0.0,
          1.0
        ],
        "color_correction_matrix": [
          1.508861503313428,
          -0.38054985992550666,
          -0.21071714387826068,
          -0.5197807371373129,
          1.8565090454230624,
          -0.3962435671079872,
          0.09173669733231016,
          -0.6413687980018665,
          1.5379613886708159
        ],
        "distortion_coefficients": [
          -0.1422591393029407,
          0.16155902316743037,
          -0.00013463343906154043,
          -6.194535052354572e-06,
          -0.058764117318037046
        ],
        "resolution": [
          5328,
          4608
        ],
        "white_balance_coefficients": [
          2.0487754331954466,
          0.9999999999999999,
          1.9799589071279982
        ]
      }
    },
    {
      "camera_id": "C0034",
      "extrinsics": {
        "view_matrix": [
          0.9978673817582376,
          0.053620138903849666,
          0.03722323369740739,
          -0.04528273616742564,
          -0.06477620028967984,
          0.8837506815757268,
          0.4634531008532255,
          -1.2404588514111543,
          -0.008045638507366545,
          -0.46487591195755734,
          0.8853392876082243,
          0.33432729286703033,
          0.0,
          0.0,
          0.0,
          1.0
        ]
      },
      "intrinsics": {
        "camera_matrix": [
          4566.616573477113,
          0.0,
          2660.582921825874,
          0.0,
          4566.198410487982,
          2353.752594892937,
          0.0,
          0.0,
          1.0
        ],
        "color_correction_matrix": [
          1.4575815197634467,
          -0.30602229432605554,
          -0.26137416946359043,
          -0.5419108482389503,
          1.888830901921812,
          -0.4290245811837728,
          0.0659701607327343,
          -0.6370342682162784,
          1.530576057825117
        ],
        "distortion_coefficients": [
          -0.13630027208346607,
          0.1417165843366612,
          -0.00010527253872360054,
          -4.225462447570224e-05,
          -0.03848210224183332
        ],
        "resolution": [
          5328,
          4608
        ],
        "white_balance_coefficients": [
          2.0002184592853656,
          1.0,
          1.9886372369576177
        ]
      }
    },
    {
      "camera_id": "C0037",
      "extrinsics": {
        "view_matrix": [
          -0.9850518754682761,
          0.1521714685477359,
          -0.08072575051653308,
          0.12449488112870816,
          0.12023414744874958,
          0.2717895040357071,
          -0.9548163254172483,
          2.3988706701231,
          -0.12335539073629677,
          -0.9502496038705041,
          -0.28602296746982697,
          3.3327459516160607,
          0.0,
          0.0,
          0.0,
          1.0
        ]
      },
